-2.429647906280451686e+00 -2.429647906280451686e+00
-3.497847816916443087e+00 -3.497847816916443087e+00
-3.044184524532661751e+00 -3.044184524532661751e+00
-3.103970257491220686e+00 -3.103970257491220686e+00
-3.712331455702913452e+00 -3.712331455702913452e+00
-7.624450704223355579e+00 -7.624450704223355579e+00
-2.783395732854524240e+00 -2.783395732854524240e+00
-3.260752022639515246e+00 -3.260752022639515246e+00
-4.712768055882875728e+00 -4.712768055882875728e+00
-4.707604502199823848e+00 -4.707604502199823848e+00
-4.890503727797837819e+00 -4.890503727797837819e+00
-3.534124215639461219e+00 -3.534124215639461219e+00
-4.117648765238118180e+00 -4.117648765238118180e+00
-3.046652185564493465e+00 -3.046652185564493465e+00
-3.321300377935430870e+00 -3.321300377935430870e+00
-4.810354128962921472e+00 -4.810354128962921472e+00
-3.663546070917129249e+00 -3.663546070917129249e+00
-2.689856320449759419e+00 -2.689856320449759419e+00
-4.765074207017140573e+00 -4.765074207017140573e+00
-2.822502416513490431e+00 -2.822502416513490431e+00
-4.071007880397084833e+00 -4.071007880397084833e+00
-3.571639191285368220e+00 -3.571639191285368220e+00
-2.596208891227520965e+00 -2.596208891227520965e+00
-2.408397607103240468e+00 -2.408397607103240468e+00
