-1.354166666666666607e+01 -1.062500000000000000e+01 1.708333333333332860e+01 -1.062500000000000000e+01 -9.166666666666667851e+00 6.875000000000000000e+00 -1.354166666666666607e+01 1.854166666666667140e+01 1.416666666666666785e+01 -3.333333333333333925e+00
-1.208333333333333393e+01 5.416666666666667851e+00 9.791666666666667851e+00 -1.354166666666666607e+01 2.500000000000000000e+00 -1.208333333333333393e+01 -9.166666666666667851e+00 3.958333333333332149e+00 1.854166666666667140e+01 6.875000000000000000e+00
-1.062500000000000000e+01 2.500000000000000000e+00 1.854166666666667140e+01 -6.250000000000000000e+00 5.416666666666667851e+00 1.270833333333333215e+01 1.416666666666666785e+01 1.270833333333333215e+01 3.958333333333332149e+00 -1.208333333333333393e+01
-9.166666666666667851e+00 1.854166666666667140e+01 -4.791666666666666075e+00 1.125000000000000000e+01 1.416666666666666785e+01 1.708333333333332860e+01 -4.166666666666660745e-01 5.416666666666667851e+00 -1.875000000000000000e+00 1.416666666666666785e+01
-7.708333333333333037e+00 -4.791666666666666075e+00 -6.250000000000000000e+00 2.500000000000000000e+00 -1.208333333333333393e+01 1.416666666666666785e+01 1.125000000000000000e+01 -1.062500000000000000e+01 1.708333333333332860e+01 -4.791666666666666075e+00
-6.250000000000000000e+00 9.791666666666667851e+00 -4.166666666666660745e-01 -4.166666666666660745e-01 8.333333333333332149e+00 -3.333333333333333925e+00 -3.333333333333333925e+00 -3.333333333333333925e+00 -4.166666666666660745e-01 -6.250000000000000000e+00
-4.791666666666666075e+00 1.562500000000000000e+01 5.416666666666667851e+00 -1.208333333333333393e+01 -1.354166666666666607e+01 1.041666666666664298e+00 1.854166666666667140e+01 -1.354166666666666607e+01 -3.333333333333333925e+00 -1.062500000000000000e+01
-3.333333333333333925e+00 8.333333333333332149e+00 2.000000000000000000e+01 -7.708333333333333037e+00 9.791666666666667851e+00 2.000000000000000000e+01 3.958333333333332149e+00 1.125000000000000000e+01 -9.166666666666667851e+00 2.500000000000000000e+00
-1.875000000000000000e+00 6.875000000000000000e+00 8.333333333333332149e+00 8.333333333333332149e+00 -4.791666666666666075e+00 8.333333333333332149e+00 5.416666666666667851e+00 1.416666666666666785e+01 -1.354166666666666607e+01 -1.875000000000000000e+00
-4.166666666666660745e-01 -1.354166666666666607e+01 -7.708333333333333037e+00 5.416666666666667851e+00 -6.250000000000000000e+00 1.125000000000000000e+01 1.270833333333333215e+01 -1.875000000000000000e+00 1.041666666666664298e+00 -9.166666666666667851e+00
1.041666666666664298e+00 -6.250000000000000000e+00 1.562500000000000000e+01 -9.166666666666667851e+00 -1.062500000000000000e+01 2.500000000000000000e+00 -1.062500000000000000e+01 -4.166666666666660745e-01 -6.250000000000000000e+00 1.041666666666664298e+00
2.500000000000000000e+00 -7.708333333333333037e+00 3.958333333333332149e+00 -3.333333333333333925e+00 -4.166666666666660745e-01 1.562500000000000000e+01 8.333333333333332149e+00 -9.166666666666667851e+00 1.125000000000000000e+01 2.000000000000000000e+01
3.958333333333332149e+00 1.416666666666666785e+01 2.500000000000000000e+00 9.791666666666667851e+00 6.875000000000000000e+00 -9.166666666666667851e+00 -1.875000000000000000e+00 1.562500000000000000e+01 -4.791666666666666075e+00 -1.354166666666666607e+01
5.416666666666667851e+00 1.270833333333333215e+01 -9.166666666666667851e+00 1.562500000000000000e+01 1.708333333333332860e+01 3.958333333333332149e+00 1.708333333333332860e+01 6.875000000000000000e+00 1.270833333333333215e+01 5.416666666666667851e+00
6.875000000000000000e+00 2.000000000000000000e+01 1.416666666666666785e+01 1.041666666666664298e+00 1.270833333333333215e+01 -4.791666666666666075e+00 -6.250000000000000000e+00 8.333333333333332149e+00 5.416666666666667851e+00 1.562500000000000000e+01
8.333333333333332149e+00 -4.166666666666660745e-01 -1.875000000000000000e+00 -1.875000000000000000e+00 1.125000000000000000e+01 -1.875000000000000000e+00 1.041666666666664298e+00 -7.708333333333333037e+00 2.000000000000000000e+01 8.333333333333332149e+00
9.791666666666667851e+00 -1.875000000000000000e+00 -1.354166666666666607e+01 1.416666666666666785e+01 -3.333333333333333925e+00 -1.354166666666666607e+01 2.500000000000000000e+00 -4.791666666666666075e+00 1.562500000000000000e+01 3.958333333333332149e+00
1.125000000000000000e+01 -9.166666666666667851e+00 1.041666666666664298e+00 1.854166666666667140e+01 2.000000000000000000e+01 5.416666666666667851e+00 -1.208333333333333393e+01 2.000000000000000000e+01 9.791666666666667851e+00 1.708333333333332860e+01
1.270833333333333215e+01 -3.333333333333333925e+00 6.875000000000000000e+00 6.875000000000000000e+00 -1.875000000000000000e+00 9.791666666666667851e+00 9.791666666666667851e+00 9.791666666666667851e+00 6.875000000000000000e+00 1.270833333333333215e+01
1.416666666666666785e+01 1.125000000000000000e+01 1.270833333333333215e+01 3.958333333333332149e+00 1.854166666666667140e+01 -7.708333333333333037e+00 -4.791666666666666075e+00 1.708333333333332860e+01 -1.062500000000000000e+01 1.125000000000000000e+01
1.562500000000000000e+01 -1.208333333333333393e+01 1.125000000000000000e+01 -4.791666666666666075e+00 -7.708333333333333037e+00 -1.062500000000000000e+01 6.875000000000000000e+00 1.041666666666664298e+00 8.333333333333332149e+00 -7.708333333333333037e+00
1.708333333333332860e+01 3.958333333333332149e+00 -1.208333333333333393e+01 1.270833333333333215e+01 1.041666666666664298e+00 -6.250000000000000000e+00 -7.708333333333333037e+00 -6.250000000000000000e+00 2.500000000000000000e+00 1.854166666666667140e+01
1.854166666666667140e+01 1.041666666666664298e+00 -3.333333333333333925e+00 2.000000000000000000e+01 3.958333333333332149e+00 1.854166666666667140e+01 1.562500000000000000e+01 2.500000000000000000e+00 -1.208333333333333393e+01 -4.166666666666660745e-01
2.000000000000000000e+01 1.708333333333332860e+01 -1.062500000000000000e+01 1.708333333333332860e+01 1.562500000000000000e+01 -4.166666666666660745e-01 2.000000000000000000e+01 -1.208333333333333393e+01 -7.708333333333333037e+00 9.791666666666667851e+00
